0 9,07895107807113 293,747937926905 221,691508610589 1803,40622559721 1396,71450989261 1794,24408159323 871,493488722245 1325,49566245102 
1 8,67777481946091 317,785377173435 260,567337370259 856,449381824794 919,558004833679 2045,34024389509 213,346812056441 -228,201553281379 
2 8,67777481946091 317,785377173435 260,567337370259 856,449381824794 919,558004833679 2045,34024389509 213,346812056441 -228,201553281379 
3 8,67777481946091 317,785377173435 260,567337370259 856,449381824794 919,558004833679 2045,34024389509 213,346812056441 -228,201553281379 
4 8,53670859377119 319,669729623178 157,010070911022 103,038940098489 570,568941065182 1747,89684448399 -468,104885818232 467,343400651272 
5 8,53670859377119 319,669729623178 157,010070911022 103,038940098489 570,568941065182 1747,89684448399 -468,104885818232 467,343400651272 
6 8,53670859377119 319,669729623178 157,010070911022 103,038940098489 570,568941065182 1747,89684448399 -468,104885818232 467,343400651272 
7 8,52681787950008 331,876503301315 135,639392996131 105,633984584766 676,467401570127 1593,64985834107 -671,22192417348 -248,495788605148 
8 8,43607461463 287,42856385769 110,213225622038 81,3685122149551 1241,83995109671 467,83154312359 -663,722987913965 262,413892099646 
9 8,37973128861222 243,962110085036 202,810164762644 78,2274354548934 744,097245242771 890,034685779882 -306,315921185594 246,918784719323 
10 8,33759973218642 264,615921782098 190,575040452681 153,654405546397 787,078942147956 198,123208275422 -503,628556239044 313,750584030835 
11 8,33759973218642 264,615921782098 190,575040452681 153,654405546397 787,078942147956 198,123208275422 -503,628556239044 313,750584030835 
12 8,29424472063259 250,150450541876 204,625128306217 189,410308502709 885,53107037092 65,6541491670911 285,939885204804 220,437012424916 
13 8,29424472063259 250,150450541876 204,625128306217 189,410308502709 885,53107037092 65,6541491670911 285,939885204804 220,437012424916 
14 8,29424472063259 250,150450541876 204,625128306217 189,410308502709 885,53107037092 65,6541491670911 285,939885204804 220,437012424916 
15 8,23280794257058 250,722062474698 158,765225401248 268,601641347706 780,00640291361 151,013830756774 40,6212115856665 13,183501024472 
16 8,1746010640253 113,490751911334 195,260008555421 88,4253522708506 751,478810067422 6,77666026433036 14,1341482912404 77,5847259629751 
17 8,1746010640253 113,490751911334 195,260008555421 88,4253522708506 751,478810067422 6,77666026433036 14,1341482912404 77,5847259629751 
18 8,1746010640253 113,490751911334 195,260008555421 88,4253522708506 751,478810067422 6,77666026433036 14,1341482912404 77,5847259629751 
19 8,1746010640253 113,490751911334 195,260008555421 88,4253522708506 751,478810067422 6,77666026433036 14,1341482912404 77,5847259629751 
20 8,17202918723092 142,863117170558 151,006878367821 69,1316211994202 690,679442136722 86,0370877596653 -39,7001660167792 49,3615961413234 
21 8,17202918723092 142,863117170558 151,006878367821 69,1316211994202 690,679442136722 86,0370877596653 -39,7001660167792 49,3615961413234 
22 8,17202918723092 142,863117170558 151,006878367821 69,1316211994202 690,679442136722 86,0370877596653 -39,7001660167792 49,3615961413234 
23 8,16663286058847 116,26574929257 170,811395831415 29,9569674574568 591,953599004202 28,2525218703679 -115,380723194965 -137,613761838125 
24 8,1452921267198 116,186857187778 103,570131079343 79,2355939677932 545,566460420282 99,42477606279 -63,8041838051638 30,0129026183103 
25 8,1452921267198 116,186857187778 103,570131079343 79,2355939677932 545,566460420282 99,42477606279 -63,8041838051638 30,0129026183103 
26 8,12231997127522 93,4861094831179 106,742437723121 24,2512624845942 484,764338089902 121,669268164045 -34,0158162191621 8,78484837334406 
27 8,1216491806662 94,2213951893894 59,4518376558177 23,4357787349976 339,403620377044 140,061264697216 -120,230277369651 -92,1185450201559 
28 8,10186772832223 83,8394166598186 83,3281599611854 22,2577028994832 41,8466014608974 445,869185126404 -10,1326926513772 40,3528721139392 
29 8,05955788818443 76,3550442094781 34,5948585388307 20,1517511978179 27,9654604619975 194,131436137976 -39,1979313525704 -33,017005132945 
30 8,05955788818443 76,3550442094781 34,5948585388307 20,1517511978179 27,9654604619975 194,131436137976 -39,1979313525704 -33,017005132945 
31 8,04991561109433 69,270311891597 53,302891366296 7,93986609221394 40,4037712685643 123,460613939339 24,4410219728532 -37,7216027143284 
32 8,04991561109433 69,270311891597 53,302891366296 7,93986609221394 40,4037712685643 123,460613939339 24,4410219728532 -37,7216027143284 
33 8,02398737213086 65,5856776929801 18,2707310617932 11,1861166238843 2,37060771586721 19,4896131356855 30,4277664960145 -24,0078596370403 
34 8,02398737213086 65,5856776929801 18,2707310617932 11,1861166238843 2,37060771586721 19,4896131356855 30,4277664960145 -24,0078596370403 
35 8,02398737213086 65,5856776929801 18,2707310617932 11,1861166238843 2,37060771586721 19,4896131356855 30,4277664960145 -24,0078596370403 
36 8,02134315498125 64,0833377311605 15,0348486280004 8,16771505014538 10,6188162427685 16,5514720272316 18,9820299585897 -19,0128873710221 
37 8,01750431354614 61,9082487094324 13,3320889232721 20,4575556260005 10,4571014544205 1,23991274871166 7,65558796802171 9,98031561396693 
38 8,01750431354614 61,9082487094324 13,3320889232721 20,4575556260005 10,4571014544205 1,23991274871166 7,65558796802171 9,98031561396693 
39 8,01718670635558 60,6048691333339 14,6610407567824 11,9481700299795 15,940500323347 1,7338405055111 -4,80125919875498 13,0725083064356 
40 8,0169076681807 61,0386501916048 12,5812645236212 17,3294636520121 3,70337953392412 13,1079122302184 6,04378962506466 6,96459867711013 
41 8,01595197693826 61,273876311965 11,4389848789156 23,9063820357585 3,29256332469894 5,23450001523769 -1,66099033738238 -7,13539551221849 
42 8,01525013829445 61,3649144933732 14,3156607034195 16,0612096859736 3,4837013704624 6,27446493790572 1,17548742175972 -6,25412063317526 
43 8,01455594799223 61,2819984206407 11,4288517393579 17,3728974183724 0,658228411283211 6,32903445924843 0,380397531598055 -6,51964910687038 
44 8,01395222906606 61,3554362335637 11,5029876043062 13,0316693973023 2,09508572110118 3,50312267734549 1,31794270391335 -6,85253470575307 
45 8,01366430157819 61,3904604212655 11,5383447091276 10,9612375718689 2,78035613039898 2,15538013520716 1,76507963224834 -7,01129552983558 
46 8,01310626844248 62,4266607625278 7,38927217896605 9,20124439556457 2,61916269212019 1,73838974164674 -1,45683216951768 -8,78464122021037 
47 8,00927250078167 6,57071870291328 22,2756045345799 11,4898319743942 16,4969282901883 2,29404622670517 0,0356039489736601 -7,0694147627726 
48 8,00875144181685 23,3444575489273 12,1485216492218 11,3044366476185 6,84861282834531 0,821299891247403 0,196172155647569 -7,84679797074738 
49 8,00709032870463 8,34738483994313 12,1608470120627 10,816205837446 11,0821478570862 0,0783790110869433 -1,5270652997698 -6,63317517570785 
50 8,0064956050747 8,54890271527825 9,35201257578124 10,7344799553725 9,02808691093368 1,12688726053764 -0,655566675803692 -6,95124301132777 
